0,11.047
1,11.047
2,11.046
3,11.046
4,11.046
5,11.046
6,11.046
7,11.045
8,11.045
9,11.045
10,11.045
11,11.045
12,11.044
13,11.044
14,11.044
15,11.044
16,11.044
17,11.043
18,11.043
19,11.043
20,11.043
21,11.043
22,11.042
23,11.042
24,11.042
25,11.042
26,11.042
27,11.042
28,11.041
29,11.041
30,11.041
31,11.041
32,11.041
33,11.040
34,11.040
35,11.040
36,11.040
37,11.040
38,11.039
39,11.039
40,11.039
41,11.039
42,11.039
43,11.038
44,11.038
45,11.038
46,11.038
47,11.038
48,11.037
49,11.037
50,11.037
51,11.037
52,11.037
53,11.037
54,11.036
55,11.036
56,11.036
57,11.036
58,11.036
59,11.035
60,11.035
61,11.035
62,11.035
63,11.035
64,11.034
65,11.034
66,11.034
67,11.034
68,11.034
69,11.033
70,11.033
71,11.033
72,11.033
73,11.033
74,11.033
75,11.032
76,11.032
77,11.032
78,11.032
79,11.032
80,11.031
81,11.031
82,11.031
83,11.031
84,11.031
85,11.030
86,11.030
87,11.030
88,11.030
89,11.030
90,11.030
91,11.029
92,11.029
93,11.029
94,11.029
95,11.029
96,11.028
97,11.028
98,11.028
99,11.028
100,11.028
101,11.027
102,11.027
103,11.027
104,11.027
105,11.027
106,11.027
107,11.026
108,11.026
109,11.026
110,11.026
111,11.026
112,11.025
113,11.025
114,11.025
115,11.025
116,11.025
117,11.024
118,11.024
119,11.024
120,11.024
121,11.024
122,11.024
123,11.023
124,11.023
125,11.023
126,11.023
127,11.023
128,11.022
129,11.022
130,11.022
131,11.022
132,11.022
133,11.021
134,11.021
135,11.021
136,11.021
137,11.021
138,11.021
139,11.020
140,11.020
141,11.020
142,11.020
143,11.020
144,11.019
145,11.019
146,11.019
147,11.019
148,11.019
149,11.019
150,11.018
151,11.018
152,11.018
153,11.018
154,11.018
155,11.017
156,11.017
157,11.017
158,11.017
159,11.017
160,11.017
161,11.016
162,11.016
163,11.016
164,11.016
165,11.016
166,11.015
167,11.015
168,11.015
169,11.015
170,11.015
171,11.015
172,11.014
173,11.014
174,11.014
175,11.014
176,11.014
177,11.013
178,11.013
179,11.013
180,11.013
181,11.013
182,11.013
183,11.012
184,11.012
185,11.012
186,11.012
187,11.012
188,11.011
189,11.011
190,11.011
191,11.011
192,11.011
193,11.011
194,11.010
195,11.010
196,11.010
197,11.010
198,11.010
199,11.009
200,11.009
201,11.009
202,11.009
203,11.009
204,11.009
205,11.008
206,11.008
207,11.008
208,11.008
209,11.008
210,11.007
211,11.007
212,11.007
213,11.007
214,11.007
215,11.007
216,11.006
217,11.006
218,11.006
219,11.006
220,11.006
221,11.006
222,11.005
223,11.005
224,11.005
225,11.005
226,11.005
227,11.004
228,11.004
229,11.004
230,11.004
231,11.004
232,11.004
233,11.003
234,11.003
235,11.003
236,11.003
237,11.003
238,11.003
239,11.002
240,11.002
241,11.002
242,11.002
243,11.002
244,11.001
245,11.001
246,11.001
247,11.001
248,11.001
249,11.001
250,11.000
251,11.000
252,11.000
253,11.000
254,11.000
255,11.000
256,10.999
257,10.999
258,10.999
259,10.999
260,10.999
261,10.998
262,10.998
263,10.998
264,10.998
265,10.998
266,10.998
267,10.997
268,10.997
269,10.997
270,10.997
271,10.997
272,10.997
273,10.996
274,10.996
275,10.996
276,10.996
277,10.996
278,10.996
279,10.995
280,10.995
281,10.995
282,10.995
283,10.995
284,10.995
285,10.994
286,10.994
287,10.994
288,10.994
289,10.994
290,10.994
291,10.993
292,10.993
293,10.993
294,10.993
295,10.993
296,10.992
297,10.992
298,10.992
299,10.992
300,10.992
301,10.992
302,10.991
303,10.991
304,10.991
305,10.991
306,10.991
307,10.991
308,10.990
309,10.990
310,10.990
311,10.990
312,10.990
313,10.990
314,10.989
315,10.989
316,10.989
317,10.989
318,10.989
319,10.989
320,10.988
321,10.988
322,10.988
323,10.988
324,10.988
325,10.988
326,10.987
327,10.987
328,10.987
329,10.987
330,10.987
331,10.987
332,10.986
333,10.986
334,10.986
335,10.986
336,10.986
337,10.986
338,10.985
339,10.985
340,10.985
341,10.985
342,10.985
343,10.985
344,10.984
345,10.984
346,10.984
347,10.984
348,10.984
349,10.984
350,10.984
351,10.983
352,10.983
353,10.983
354,10.983
355,10.983
356,10.983
357,10.982
358,10.982
359,10.982
360,10.982
361,10.982
362,10.982
363,10.981
364,10.981
365,10.981
366,10.981
367,10.981
368,10.981
369,10.980
370,10.980
371,10.980
372,10.980
373,10.980
374,10.980
375,10.979
376,10.979
377,10.979
378,10.979
379,10.979
380,10.979
381,10.979
382,10.978
383,10.978
384,10.978
385,10.978
386,10.978
387,10.978
388,10.977
389,10.977
390,10.977
391,10.977
392,10.977
393,10.977
394,10.976
395,10.976
396,10.976
397,10.976
398,10.976
399,10.976
400,10.976
401,10.975
402,10.975
403,10.975
404,10.975
405,10.975
406,10.975
407,10.974
408,10.974
409,10.974
410,10.974
411,10.974
412,10.974
413,10.973
414,10.973
415,10.973
416,10.973
417,10.973
418,10.973
419,10.973
420,10.972
421,10.972
422,10.972
423,10.972
424,10.972
425,10.972
426,10.971
427,10.971
428,10.971
429,10.971
430,10.971
431,10.971
432,10.971
433,10.970
434,10.970
435,10.970
436,10.970
437,10.970
438,10.970
439,10.969
440,10.969
441,10.969
442,10.969
443,10.969
444,10.969
445,10.969
446,10.968
447,10.968
448,10.968
449,10.968
450,10.968
451,10.968
452,10.967
453,10.967
454,10.967
455,10.967
456,10.967
457,10.967
458,10.967
459,10.966
460,10.966
461,10.966
462,10.966
463,10.966
464,10.966
465,10.966
466,10.965
467,10.965
468,10.965
469,10.965
470,10.965
471,10.965
472,10.964
473,10.964
474,10.964
475,10.964
476,10.964
477,10.964
478,10.964
479,10.963
480,10.963
481,10.963
482,10.963
483,10.963
484,10.963
485,10.963
486,10.962
487,10.962
488,10.962
489,10.962
490,10.962
491,10.962
492,10.962
493,10.961
494,10.961
495,10.961
496,10.961
497,10.961
498,10.961
499,10.960
500,10.960
501,10.960
502,10.960
503,10.960
504,10.960
505,10.960
506,10.959
507,10.959
508,10.959
509,10.959
510,10.959
511,10.959
512,10.959
513,10.958
514,10.958
515,10.958
516,10.958
517,10.958
518,10.958
519,10.958
520,10.957
521,10.957
522,10.957
523,10.957
524,10.957
525,10.957
526,10.957
527,10.957
528,10.956
529,10.956
530,10.956
531,10.956
532,10.956
533,10.956
534,10.956
535,10.955
536,10.955
537,10.955
538,10.955
539,10.955
540,10.955
541,10.955
542,10.954
543,10.954
544,10.954
545,10.954
546,10.954
547,10.954
548,10.954
549,10.953
550,10.953
551,10.953
552,10.953
553,10.953
554,10.953
555,10.953
556,10.952
557,10.952
558,10.952
559,10.952
560,10.952
561,10.952
562,10.952
563,10.951
564,10.951
565,10.951
566,10.951
567,10.951
568,10.951
569,10.951
570,10.951
571,10.950
572,10.950
573,10.950
574,10.950
575,10.950
576,10.950
577,10.950
578,10.949
579,10.949
580,10.949
581,10.949
582,10.949
583,10.949
584,10.949
585,10.948
586,10.948
587,10.948
588,10.948
589,10.948
590,10.948
591,10.948
592,10.948
593,10.947
594,10.947
595,10.947
596,10.947
597,10.947
598,10.947
599,10.947
600,10.946
601,10.946
602,10.946
603,10.946
604,10.946
605,10.946
606,10.946
607,10.946
608,10.945
609,10.945
610,10.945
611,10.945
612,10.945
613,10.945
614,10.945
615,10.944
616,10.944
617,10.944
618,10.944
619,10.944
620,10.944
621,10.944
622,10.944
623,10.943
624,10.943
625,10.943
626,10.943
627,10.943
628,10.943
629,10.943
630,10.943
631,10.942
632,10.942
633,10.942
634,10.942
635,10.942
636,10.942
637,10.942
638,10.941
639,10.941
640,10.941
641,10.941
642,10.941
643,10.941
644,10.941
645,10.941
646,10.940
647,10.940
648,10.940
649,10.940
650,10.940
651,10.940
652,10.940
653,10.940
654,10.939
655,10.939
656,10.939
657,10.939
658,10.939
659,10.939
660,10.939
661,10.939
662,10.938
663,10.938
664,10.938
665,10.938
666,10.938
667,10.938
668,10.938
669,10.938
670,10.937
671,10.937
672,10.937
673,10.937
674,10.937
675,10.937
676,10.937
677,10.937
678,10.936
679,10.936
680,10.936
681,10.936
682,10.936
683,10.936
684,10.936
685,10.936
686,10.935
687,10.935
688,10.935
689,10.935
690,10.935
691,10.935
692,10.935
693,10.935
694,10.934
695,10.934
696,10.934
697,10.934
698,10.934
699,10.934
700,10.934
701,10.934
702,10.934
703,10.933
704,10.933
705,10.933
706,10.933
707,10.933
708,10.933
709,10.933
710,10.933
711,10.932
712,10.932
713,10.932
714,10.932
715,10.932
716,10.932
717,10.932
718,10.932
719,10.931
720,10.931
721,10.931
722,10.931
723,10.931
724,10.931
725,10.931
726,10.931
727,10.931
728,10.930
729,10.930
730,10.930
731,10.930
732,10.930
733,10.930
734,10.930
735,10.930
736,10.930
737,10.929
738,10.929
739,10.929
740,10.929
741,10.929
742,10.929
743,10.929
744,10.929
745,10.928
746,10.928
747,10.928
748,10.928
749,10.928
750,10.928
751,10.928
752,10.928
753,10.928
754,10.927
755,10.927
756,10.927
757,10.927
758,10.927
759,10.927
760,10.927
761,10.927
762,10.926
763,10.926
764,10.926
765,10.926
766,10.926
767,10.926
768,10.926
769,10.926
770,10.926
771,10.925
772,10.925
773,10.925
774,10.925
775,10.925
776,10.925
777,10.925
778,10.925
779,10.925
780,10.924
781,10.924
782,10.924
783,10.924
784,10.924
785,10.924
786,10.924
787,10.924
788,10.924
789,10.923
790,10.923
791,10.923
792,10.923
793,10.923
794,10.923
795,10.923
796,10.923
797,10.923
798,10.922
799,10.922
800,10.922
801,10.922
802,10.922
803,10.922
804,10.922
805,10.922
806,10.922
807,10.921
808,10.921
809,10.921
810,10.921
811,10.921
812,10.921
813,10.921
814,10.921
815,10.921
816,10.921
817,10.920
818,10.920
819,10.920
820,10.920
821,10.920
822,10.920
823,10.920
824,10.920
825,10.920
826,10.919
827,10.919
828,10.919
829,10.919
830,10.919
831,10.919
832,10.919
833,10.919
834,10.919
835,10.918
836,10.918
837,10.918
838,10.918
839,10.918
840,10.918
841,10.918
842,10.918
843,10.918
844,10.918
845,10.917
846,10.917
847,10.917
848,10.917
849,10.917
850,10.917
851,10.917
852,10.917
853,10.917
854,10.917
855,10.916
856,10.916
857,10.916
858,10.916
859,10.916
860,10.916
861,10.916
862,10.916
863,10.916
864,10.915
865,10.915
866,10.915
867,10.915
868,10.915
869,10.915
870,10.915
871,10.915
872,10.915
873,10.915
874,10.914
875,10.914
876,10.914
877,10.914
878,10.914
879,10.914
880,10.914
881,10.914
882,10.914
883,10.914
884,10.913
885,10.913
886,10.913
887,10.913
888,10.913
889,10.913
890,10.913
891,10.913
892,10.913
893,10.913
894,10.912
895,10.912
896,10.912
897,10.912
898,10.912
899,10.912
900,10.912
901,10.912
902,10.912
903,10.912
904,10.911
905,10.911
906,10.911
907,10.911
908,10.911
909,10.911
910,10.911
911,10.911
912,10.911
913,10.911
914,10.910
915,10.910
916,10.910
917,10.910
918,10.910
919,10.910
920,10.910
921,10.910
922,10.910
923,10.910
924,10.910
925,10.909
926,10.909
927,10.909
928,10.909
929,10.909
930,10.909
931,10.909
932,10.909
933,10.909
934,10.909
935,10.908
936,10.908
937,10.908
938,10.908
939,10.908
940,10.908
941,10.908
942,10.908
943,10.908
944,10.908
945,10.908
946,10.907
947,10.907
948,10.907
949,10.907
950,10.907
951,10.907
952,10.907
953,10.907
954,10.907
955,10.907
956,10.906
957,10.906
958,10.906
959,10.906
960,10.906
961,10.906
962,10.906
963,10.906
964,10.906
965,10.906
966,10.906
967,10.905
968,10.905
969,10.905
970,10.905
971,10.905
972,10.905
973,10.905
974,10.905
975,10.905
976,10.905
977,10.905
978,10.904
979,10.904
980,10.904
981,10.904
982,10.904
983,10.904
984,10.904
985,10.904
986,10.904
987,10.904
988,10.904
989,10.903
990,10.903
991,10.903
992,10.903
993,10.903
994,10.903
995,10.903
996,10.903
997,10.903
998,10.903
999,10.903
1000,10.902